archiv : 0.018022101638767926
none : 0.016277072223602234
china : 0.016249064986607983
biden : 0.015325373064444979
trump : 0.015292782663558093
counti : -0.013367346514482924
weather : -0.013248398878824723
sport : -0.012667977685359169
citi : -0.011110298145536124
liberti : 0.011086656394900257
area : -0.010709674846096391
scienc : -0.010670338223000408
di : 0.010399717275937834
parent : 0.010313230044762478
page : 0.010268198958442797
evid : 0.01020649548510041
team : -0.00988091501579546
site : 0.009871519971951586
dr : 0.009743872821017928
hi : 0.009671241025588112
climat : -0.009037941186254924
plandem : 0.00886469253379075
polic : -0.008801146835926824
vou : 0.008636074619801636
healthi : 0.008629458239852094
florida : 0.008475290538325004
freedom : 0.008467306374261446
american : 0.008437414660916916
tea : 0.008130034865982015
medium : 0.00799754122006275
altern : 0.007996803120403385
signal : -0.00797333547911106
food : -0.00794236326749263
natur : 0.007892271189562051
friday : -0.007826942356361307
commun : -0.007782030816099291
mind : 0.007722275865969895
cover : -0.0076313194430936105
review : -0.007475839763773033
center : -0.0074683362905435735
door : -0.0073667068188840125
greek : -0.0073664171100535246
truth : 0.007309940564520293
school : -0.007254843294984402
nou : 0.007247611169836066
toxic : 0.0072244941948036365
friend : 0.007215192224047809
lincoln : -0.0071335911062623695
local : -0.007111304431138171
base : -0.00709478983974443
tax : 0.007056850781475483
game : -0.007022934397959725
metric : 0.00699833023708597
violenc : -0.00694121870325859
bridg : -0.006916834595486857
privaci : 0.006876174542148324
thursday : -0.006813493669724121
event : -0.00679494918204447
enthusiast : 0.00676236351560675
kingdom : -0.0067599200356907
repeal : 0.00675798177266596
footbal : -0.006746128035298918
democrat : 0.006734992911184411
forb : 0.006685509102651612
anoth : 0.006676017535927689
journal : -0.006661396920042099
analysi : -0.006638159928012262
new : -0.006610072558299408
breath : 0.0065496846472596635
bill : 0.006521494323078137
feedback : -0.006417469731766446
sept : -0.0064079811364219355
vermont : -0.006404550775738819
hawaii : -0.006385881884991026
ap : -0.0063844502796727605
remedi : 0.006281084692369129
west : -0.006235576393145613
il : 0.0062355629175700955
nation : -0.006185259659635685
dirti : 0.006178585538891738
russia : 0.006153386083542522
diabet : 0.006138825910717369
featur : -0.006108503183172917
und : 0.006091969363962273
market : -0.006078973514759091
crime : -0.006038686544480091
video : 0.0060134349595449225
governor : 0.005998746347981393
michigan : 0.005993523797092826
forecast : -0.0059793608619408
cancer : 0.0059787528287245815
constitut : 0.00597699574874937
old : 0.005971603996913901
thi : 0.005960191959262925
free : 0.005865803199116122
primari : 0.005860873212132325
park : -0.005860140907222894
amend : 0.005775428030056397
echo : -0.005774077492859366
