sport : -0.08393045670322799
weather : -0.06411842342582366
local : -0.04135729017216062
conserv : 0.0407485746725285
polit : 0.036170037328814644
natur : 0.03398992714754196
american : 0.03395289022874062
break : -0.033928576809163974
citi : -0.03190743560529568
truth : 0.03165723575451915
medium : 0.031271756750973566
counti : -0.031103504103470132
health : 0.030312658428448432
america : 0.030158327276576725
job : -0.028679497126307657
obituari : -0.02833569506643019
news : -0.028266215755149794
around : 0.02449403727512033
scienc : -0.024434382623647163
altern : 0.02419989261490724
right : 0.02404062430198341
com : -0.023990277436425317
peopl : 0.023657974555344685
cover : -0.022659845194963793
event : -0.022197601828766754
valley : -0.02213957447009053
journal : -0.02211868418820078
healthi : 0.021973554362975843
traffic : -0.021911396583636784
free : 0.021728358281828904
new : -0.020274027020406288
global : 0.02020329711258451
busi : -0.01946614968316054
articl : 0.019094000654174336
review : -0.01875704367769008
central : -0.01847916932289085
analysi : -0.018374136871663206
one : 0.01830834405868858
mind : 0.018233697549120475
websit : 0.018098519877058718
commun : -0.017757604275619173
area : -0.017737100027406635
site : 0.017676755810514387
top : 0.017664434218838513
well : 0.017570121724233036
onlin : 0.017473714397782888
state : 0.0168715623865817
entertain : -0.016557343365249853
coverag : -0.01645412637464085
get : -0.016436193628183545
world : 0.015886450869888782
polici : 0.015712597765023508
san : -0.015041208294867547
public : -0.014625402025928762
award : -0.014541859415682184
thing : -0.014393269088847062
win : -0.014276771902433554
depth : -0.014111040453421275
inform : 0.014072573611833717
network : 0.013987667583511441
includ : -0.013957126669898625
across : 0.013773909580597711
north : -0.013544059313839094
lifestyl : 0.013273253491179537
homepagehomepag : -0.013035768380508345
time : 0.01294439502893355
home : 0.012882458890806548
food : -0.012603736438348064
human : 0.011823857242551054
real : 0.011754951873950086
stori : 0.011713039932203254
technolog : -0.011119053634494353
team : -0.01099069881138937
featur : -0.010657761904878594
crime : -0.010520532049748045
video : -0.010471256900789901
govern : 0.010465938924264442
ha : 0.010318601444557483
best : 0.010218632981394112
investig : 0.009843186609408687
latest : -0.009743910087861777
today : 0.00939842377186361
intern : 0.009115526158958075
st : -0.009087067037589672
daili : -0.009063461948847069
find : -0.008946641120145296
report : 0.00878780815623836
work : 0.008595926498357068
life : 0.008496843668665953
headlin : 0.008261864204306241
south : -0.008188872848573316
help : 0.00817000369888422
nation : 0.0078051310777227075
servic : -0.006844408274379059
blog : 0.006625358868066281
social : 0.006605224086712658
live : -0.006602355207407547
homepag : -0.006501795112994381
newspap : 0.006462362188175
